    2          .001      .025
  800.0       3.82      .0037      .188     1.75       .275     1.68       .47
    5.2       1.965     .0     .00007978    7.1918
10000.0    1000.0       .0         .0        .0001     .0001     .0001     .0001
 1000.0    1000.0       .0         .0        .0
   25.0       -.0445     .16       .06      0.5       1.0      -1.0       1.0
     .0016    1.456
0
0
0
0
0
0
  800.0    -166.0        .9255   26.05
 -454.7     533.2       1.117     0.0
     .066
    3.2787  -63.9344    0.0       0.0
    0.0       0.0       4.3414  -16.9377
    3.0
    4.7196  -13.8959   -2.3252   13.4735
   -2.3252   13.4735    2.9890  -13.4568
    0.0
ROTOR ANGLE, DEG                          -20.0     180.0
TERM VOLTAGE, PU                            0.0       2.0
REAL POWER, PU                              0.0       2.0
FIELD VOLTAGE, PU                           0.0       5.0
